6119
6205
6226
2979
1344
9910
4466
5037
8729
6057
6723
7107
3382
330
3128
7353
3012
8658
4309
6306
1618
6152
2714
5219
2821
3981
6878
9815
7450
4914
5809
8108
504
2044
3181
7163
3113
8634
1102
24
473
8723
3176
7465
8212
8723
5972
3161
4795
1658
2980
4974
1798
9397
582
7331
1591
8265
1247
4171
1640
7463
3154
8328
165
9803
9220
6813
7609
454
4753
3638
930
571
1900
4633
6503
2409
6514
4695
5553
9594
9612
3842
8389
767
6883
9162
2401
2600
2456
8155
7983
3042
5370
9686
9881
1701
9044
199
9937
6846
5632
3504
3455
7775
1558
9331
4178
2796
3829
5431
980
3653
1827
1718
2257
8273
5178
985
5742
4377
9032
6651
8525
1138
2553
3936
8917
6595
7349
8938
7230
6167
4088
4960
8175
2885
6450
2138
7315
2259
4079
3496
2516
6269
2890
7205
9898
2641
8047
2589
8253
8040
7603
5610
3432
5188
1854
5102
7030
6913
7840
9616
6835
2354
2505
7133
1937
6022
7063
5413
5425
3533
396
1494
607
2472
2687
2914
438
608
1544
1888
9837
4999
8734
2142
9181
3479
4972
2225
5536
6659
7050
9210
3209
2128
2277
2641
9029
4018
6176
9983
560
6606
1817
2781
8786
5022
1514
885
1920
3834
6906
8260
442
2208
8456
1708
1010
2353
7808
7584
1189
3975
8088
1179
1387
6083
334
8712
121
8251
7886
7243
1628
8581
3572
4834
6500
1452
8044
8572
691
6977
7847
3461
7730
8801
9612
8975
5572
9662
757
4551
4155
2492
6770
9389
4356
3741
3895
9216
2439
1215
4339
2327
1700
9990
2901
7185
7624
9860
8016
5906
9266
7342
8534
6346
1444
4714
7961
8594
930
22
6341
4254
4899
2505
9829
9002
5000
3179
1807
8794
1570
5974
1047
4439
7980
628
5032
5244
562
9767
3012
6872
3873
2066
507
8919
9418
9623
3206
7891
8893
1402
7113
9079
8129
2760
9213
9871
2075
1949
6301
2976
1800
3253
1621
4267
6138
3903
8355
2556
3436
3882
231
6901
9484
586
7683
638
2614
7274
4814
3713
4431
4654
7326
1941
6949
891
8361
8661
7579
437
4380
2643
1208
630
8504
3142
3595
4876
9882
4893
2546
2561
5693
4400
1323
7222
5935
333
2956
7157
5897
3815
5958
1194
9899
3228
4567
1321
5176
1947
974
6043
6367
5516
2329
9655
9524
5852
6965
3129
7145
1846
808
5133
9193
597
8212
3825
9933
8954
3179
3090
2599
8031
9810
3324
9698
8694
576
7988
9559
8020
9557
8828
7749
9446
9491
3115
5980
7767
2325
3378
2475
7501
8552
2292
2135
5593
9744
159
7778
6360
8560
1257
6614
5934
3703
6427
8635
8540
9812
8371
5286
1167
4318
5812
5202
8523
9916
505
7701
1159
1724
3906
1580
3696
1232
4813
1120
9753
2667
2584
9799
2921
6957
629
1685
7069
8380
4109
2932
201
1166
9219
4837
7335
5591
7733
7920
207
302
8190
3509
4697
5685
3910
5738
4538
3867
1812
2022
5464
7559
3820
7645
3270
2230
6923
3363
2715
67
9388
4263
5084
2811
4179
1098
6145
6800
706
9878
3727
759
2942
2522
7674
6736
4936
6058
4319
320
3602
238
5348
3135
677
5947
4374
3879
3601
2998
3101
1349
8823
4290
4890
7607
6278
9581
8648
1932
2755
9091
5090
4664
3136
9921
3896
5510
1389
2453
4918
3366
3644
7725
7745
2417
6657
6316
2103
6227
9157
8113
7340
8506
7090
5871
1721
9335
753
8773
4654
3573
9196
8126
6388
760
9679
2557
413
3559
1057
9354
3322
7581
4097
3196
4649
3856
6619
3344
5235
7541
8134
68
589
1008
1822
8857
5788
5463
6059
8903
3038
3707
7516
6734
5619
2071
800
4501
3505
3153
8317
4237
6466
5622
945
6029
885
7685
2506
6891
2176
3971
3422
7019
1248
8516
1271
2883
6101
6305
1293
9385
4980
9762
5033
5056
2509
8623
2481
8711
9505
3942
4677
9676
3663
4666
2429
787
1143
1233
9756
8556
6820
210
4157
9379
7325
9997
3081
7999
5914
287
6828
8574
9830
2778
4857
5035
3937
7363
3901
2441
4965
925
8738
3789
445
1770
9357
960
6474
6793
6410
9499
5867
3262
2157
3014
8109
2892
8376
4216
767
4159
9629
3929
1097
8517
4396
7171
4566
3202
4232
1046
9261
6086
3532
3837
5669
1145
9966
8525
6440
5178
6823
219
3805
4296
1040
1092
3768
4752
93
486
692
1892
8755
5425
4301
9215
3120
3996
2556
8038
7406
4615
1393
8705
2761
9378
7092
7853
9227
5904
1178
1815
3740
8048
7914
4724
5672
6773
2815
4577
8394
6267
5323
3348
8378
8783
9303
7361
8573
7847
4685
414
4680
9882
6283
2928
184
3390
6722
480
2741
2737
5161
4140
6132
267
4745
1241
1758
2708
4607
5383
5233
4332
5858
3276
9281
9048
3829
227
730
1654
5333
240
9347
2065
3174
3368
7013
6671
2381
1558
5563
3158
3192
5827
9224
907
1726
5820
4932
2765
4913
5347
6987
9959
4780
2609
7039
5245
1038
7375
2353
1446
5935
4432
8512
6646
1951
3368
949
922
2841
1222
5988
9760
4326
1766
9191
7862
2260
6245
7289
5955
5789
6905
3473
8989
165
372
600
5941
6334
2578
5140
1139
9459
7662
8755
7555
6145
6754
4458
390
7750
8005
8670
3796
4632
8570
7345
6851
9305
8758
8168
690
1936
2855
7346
5999
4512
7788
8663
6209
6902
4562
7481
8510
4359
4041
5297
2824
6026
9117
536
4704
2158
8200
7132
3592
9287
3582
6434
9467
9968
3088
492
4478
8748
2686
5227
2950
539
9202
6123
1218
5882
4480
6318
4836
6007
6853
1871
1406
2815
6568
703
6564
7670
1903
3007
2031
8351
7698
2467
7130
4911
9936
9945
8679
5722
8739
9303
2764
7972
4018
8463
7551
5507
8659
472
6725
2578
1572
4490
8241
3689
1128
3909
2963
1970
3020
1667
9778
5402
6279
9103
5842
953
6246
1216
2283
6193
4797
9537
9634
421
6329
4576
143
5133
9260
4661
6259
8193
6194
6158
6852
1411
1178
2326
9125
730
4729
4461
3479
8386
6659
9751
6652
3727
3698
3147
2759
3161
2569
9199
6724
1299
28
4537
3313
7446
3560
3151
2523
1848
5173
1492
5587
5799
1656
130
4531
552
197
8740
3853
8699
9230
9525
317
7455
1866
6032
4866
3402
9637
416
7386
9603
1202
2862
4130
6520
9
8
5539
2465
3794
782
296
9951
3953
3152
7095
7096
3986
3739
6900
905
7996
7234
1951
6216
5318
7764
5510
7183
7173
4656
4117
528
7250
3477
3503
194
6342
8894
3589
8091
3236
6816
6155
1019
2599
7087
7513
4152
523
2722
9565
7115
6163
1627
4230
359
6394
7040
3056
4336
6826
970
4200
6747
2588
3106
1666
8835
1240
9326
207
493
6606
6518
8013
8634
8014
7327
1043
4918
7980
217
1106
1991
1415
176
8957
570
4886
1009
3254
1337
4972
2644
8464
3768
6076
9701
1673
7184
1596
5417
1315
1051
9448
3336
4878
6554
2098
2416
2111
48
3311
7166
8548
7890
7968
4733
8801
9206
8779
2315
1652
5600
4332
6887
2692
2531
8412
8288
846
3250
5169
4949
5967
4498
338
2660
8903
1522
624
473
7872
1935
578
4439
9948
4812
8429
4633
9785
3666
2432
9754
6317
5172
3974
9043
2955
830
5940
5422
3198
2235
2589
3466
3738
2735
1574
7995
1104
9935
8884
6038
1703
5631
8030
2061
6775
4810
1206
9828
6222
3710
7025
867
170
6461
6224
1463
3526
3557
1681
2726
3262
7539
913
3615
4267
4231
8916
8707
1290
18
8177
8376
3935
8397
3435
2733
3289
8273
8960
3358
6910
7950
5445
9381
5860
122
5470
1229
4843
2471
5509
9642
6111
634
3474
4421
1092
9365
5930
1763
2917
2326
8737
4148
2569
5506
2413
9303
881
8711
923
5418
2956
688
7740
6813
6326
9414
893
1905
4333
8386
8279
389
848
6224
3929
5431
4824
8763
5836
8519
1629
7474
4195
7353
4525
985
1474
3535
1427
8406
2338
9034
5810
7580
5005
4470
5290
4008
3090
5718
646
8102
6639
2847
7552
3901
5197
597
6168
3216
4373
6774
7899
2851
3647
1923
8227
9828
7528
9504
3945
9162
3833
2783
1486
1982
878
3197
859
7006
641
1288
3453
1753
1519
4187
3789
9643
9707
525
175
8539
6409
3817
9728
9506
637
2723
3640
4905
5347
3298
5073
2619
9286
2892
9985
6311
1005
7959
2665
6918
196
5503
4862
9125
1131
6482
9275
8807
3075
1957
5538
6331
2787
9015
1043
6703
3892
7480
4346
9328
9180
8372
2775
335
5615
4487
3945
3109
3061
3769
1301
2954
5738
5601
8215
3555
2375
8810
6864
4652
3709
4165
5052
5325
2632
6809
2752
8259
8621
859
6507
3604
3055
9982
1204
1069
5111
9790
9151
9578
6949
3230
7889
3361
1010
3160
2127
7222
3023
551
5727
3407
9829
5569
9491
4848
6388
4601
6240
6127
5731
6540
333
4877
968
1412
7855
2783
8103
3694
253
4082
7888
7896
3102
4637
77
7479
6765
1784
4144
6645
8898
4194
4820
716
4613
7348
8429
30
7450
3870
6455
7258
2183
215
6201
9260
4263
7075
5361
3639
616
4701
6572
6697
8930
6180
4089
4104
5539
9259
6183
6334
8249
9272
7775
8836
6569
6528
2058
5004
2405
6873
9093
4993
7654
3838
7688
8420
8415
1836
5308
553
5339
8117
6458
1706
6304
9008
5449
380
2152
4181
3805
694
5861
6753
6980
3659
3537
2716
2899
8944
8325
2753
1864
1262
606
4800
4876
5488
352
3939
6706
2406
6353
8014
6794
7974
7702
6836
3089
1563
9359
8857
5889
5728
123
8035
568
6945
3733
6666
264
7896
9916
4919
6216
6284
357
6065
7174
663
2813
8628
8524
8634
7727
2759
3559
1711
227
3315
424
7587
6472
2840
9182
7895
6213
3927
3588
9783
829
6456
8469
3564
2243
1998
1583
5702
711
7743
8345
8336
1486
9468
5257
2659
9347
5621
7133
3937
8141
7104
1728
4838
1188
1302
1506
9924
9336
680
2352
4662
1567
5701
7524
4604
4091
281
1401
6134
829
3591
6699
9640
7913
2969
5727
6328
7954
2143
7721
8757
8161
4359
1902
6973
1223
4882
7362
5491
3430
1864
6593
2722
2464
6148
7592
3005
650
2023
8781
9456
7659
3327
8047
8936
2006
6176
1770
5901
3973
2144
6287
4869
9517
9363
8758
6554
9516
216
9739
844
9520
5688
223
7580
7602
732
2940
1708
5639
2964
4686
6168
4451
2967
1626
5624
4154
912
5423
9791
9455
9572
9152
6007
2662
8373
4118
9821
3382
5441
380
7687
6791
85
6020
8905
1557
4886
4920
1596
4807
3085
1213
6724
311
9249
2924
6002
9847
822
5044
5071
6029
5947
2647
6393
2535
9535
2703